=COMAE:
[0.946, 0.67302, 0.6419, 0.595935, 0.5634633333333333, 0.5353450000000001, 0.5073920000000001, 0.47924666666666665, 0.426645, 0.380905, 0.34016, 0.2780075000000001, 0.23373000000000002, 0.16587433333333335, 0.128762, 0.10549780000000002, 0.07778157142857142, 0.0561018, 0.03847660000000001, 0.02933235, 0.0237198, 0.018516799702988675]
[0.0017750453162007035, 0.057369862137944434, 0.1085138889462687, 0.19859370821435005, 0.27921387436985967, 0.3516214061195497, 0.4150087923211977, 0.46889820195315407, 0.5564710038690828, 0.6215105781215243, 0.6656165457265452, 0.7248192531620152, 0.7619489203225821, 0.8130530879674479, 0.8433812490645796, 0.8654422247353941, 0.8964502591714263, 0.9271490552350878, 0.9576423520408571, 0.9759346735700964, 0.9885792360901833, 1.0]
WARNING 19-12-23 08:00:39: No artists with labels found to put in legend.  Note that artists whose label start with an underscore are ignored when legend() is called with no argument.
[0.946, 0.6747916666666668, 0.6438105263157895, 0.6208802816901409, 0.6004232804232804, 0.5838644067796611, 0.5682508833922261, 0.5549212121212121, 0.542079575596817, 0.5284080188679245, 0.5154182590233545, 0.502515444015444, 0.4892637168141593, 0.4759019607843137, 0.46294688922610017, 0.45051699716713883, 0.43851527224435594, 0.426645, 0.41532113341204246, 0.40480313199105145, 0.3940882040382571, 0.38349392712550606]
[0.0017750453162007035, 0.05524085890280549, 0.1034236385524273, 0.14809996975713874, 0.1893945666044019, 0.228782631929731, 0.2659072684389539, 0.3018151108627208, 0.33596622707648205, 0.3674028306286782, 0.3974776637768373, 0.4255730830188841, 0.4511412634635344, 0.47491497049620374, 0.4973160288808867, 0.5182957098514307, 0.5381277534144465, 0.5564710038690828, 0.5739034727625549, 0.5904280243976973, 0.6051207701438106, 0.6182379618822597]

=adsh:
[0.945, 0.66772, 0.63287, 0.585265, 0.5519100000000001, 0.5230675, 0.497036, 0.4712183333333333, 0.4209975, 0.37692, 0.33714250000000007, 0.27697375, 0.232774, 0.16515966666666668, 0.1282895, 0.10507939999999999, 0.07763514285714285, 0.055972900000000006, 0.03843073333333333, 0.029323050000000003, 0.023730079999999997, 0.018516799702988675]
[0.0017802815840113908, 0.05649735981388949, 0.10612424267549067, 0.19427514852862804, 0.2723983169570565, 0.3424416150003672, 0.4052876382502727, 0.45994757396774366, 0.5478891982701607, 0.6136567883729004, 0.658392406379804, 0.7212852994753047, 0.7580877246437594, 0.8087039042646066, 0.8398670608643443, 0.8614361557941884, 0.8940934441685676, 0.924590081974864, 0.9563436325788498, 0.9755688540935517, 0.9891468529105186, 1.0]
WARNING 19-12-23 06:54:25: No artists with labels found to put in legend.  Note that artists whose label start with an underscore are ignored when legend() is called with no argument.
[0.945, 0.6698958333333334, 0.635578947368421, 0.6105352112676057, 0.5896931216931217, 0.572978813559322, 0.5575512367491166, 0.5431878787878789, 0.5296684350132627, 0.5164033018867925, 0.5045116772823779, 0.49239382239382234, 0.4801398230088496, 0.46809150326797383, 0.45591654021244304, 0.44390509915014165, 0.43219920318725097, 0.4209975, 0.4104155844155844, 0.40002460850111854, 0.3896142401700318, 0.37946052631578947]
[0.0017802815840113908, 0.05446632808051072, 0.1013008431668859, 0.1446143332910724, 0.18515677413297818, 0.22371286598360166, 0.2599366596033797, 0.2944010423414875, 0.32713023283402437, 0.3579666628218256, 0.38780485817650334, 0.4158083005831577, 0.4416979834409431, 0.4658859306205995, 0.4883792316960171, 0.5094575526574626, 0.529175409917254, 0.5478891982701607, 0.56569782561576, 0.5822327153491788, 0.5968686582497321, 0.6104053055006079]


=hashnet：
[0.903, 0.38364000000000004, 0.35031, 0.31495000000000006, 0.29178333333333334, 0.27257, 0.256866, 0.24317666666666665, 0.21965750000000003, 0.200305, 0.18417333333333336, 0.15835125, 0.13956400000000002, 0.10841566666666665, 0.089601, 0.077082, 0.060963142857142855, 0.047039700000000004, 0.03469353333333333, 0.027716349999999997, 0.02312964, 0.018516799702988675]
[0.00168974369938951, 0.030728500237804837, 0.05575659561343491, 0.10000341416476294, 0.13889250446623191, 0.17329397643217817, 0.20461053851805627, 0.23252791218319907, 0.2808416055804118, 0.3209292816920206, 0.3541125830290839, 0.4069113172465004, 0.4494373663458973, 0.5260895364396274, 0.5814327018596231, 0.6275734858736396, 0.697901421777904, 0.7732369282841682, 0.8604295841306449, 0.9199790780544281, 0.9630041880607605, 1.0]
WARNING 18-12-23 09:14:10: No artists with labels found to put in legend.  Note that artists whose label start with an underscore are ignored when legend() is called with no argument.
[0.903, 0.3856666666666667, 0.3527578947368421, 0.3332323943661972, 0.31811111111111107, 0.30539406779661016, 0.29520494699646643, 0.2859757575757576, 0.2765278514588859, 0.26872169811320756, 0.26128450106157114, 0.25425675675675674, 0.24770973451327433, 0.24167483660130717, 0.2356691957511381, 0.23004107648725217, 0.22481806108897742, 0.21965750000000003, 0.21510153482880756, 0.21052796420581654, 0.20589691817215725, 0.20140182186234817]
[0.00168974369938951, 0.0296715961023001, 0.05335524747800082, 0.07518776883068494, 0.09549640943016857, 0.1143482534904033, 0.1325558874909766, 0.14982832974102347, 0.16564441342791542, 0.18122091453475878, 0.19589263090724127, 0.2098380626034923, 0.22304505816008896, 0.23573217947455122, 0.24765262062614785, 0.2591391149577685, 0.2702670427644625, 0.2808416055804118, 0.29133599490253254, 0.30116464900458234, 0.31025542062707245, 0.3187994152344763]


=jmlh:
[0.0, 0.0, 0.0, 0.0, 0.0, 0.0, 0.0, 0.0, 0.0, 0.0, 0.0, 0.0, 0.0, 0.0, 0.0, 0.0, 0.0, 0.019190000000000002, 0.032659999999999995, 0.029915000000000004, 0.023935999999999995, 0.018516799702988675]
[0.0, 0.0, 0.0, 0.0, 0.0, 0.0, 0.0, 0.0, 0.0, 0.0, 0.0, 0.0, 0.0, 0.0, 0.0, 0.0, 0.0, 0.31276757046580317, 0.836110520362854, 0.9997747719287873, 0.9998873889446258, 1.0]
WARNING 19-12-23 05:48:05: No artists with labels found to put in legend.  Note that artists whose label start with an underscore are ignored when legend() is called with no argument.
[0.0, 0.0, 0.0, 0.0, 0.0, 0.0, 0.0, 0.0, 0.0, 0.0, 0.0, 0.0, 0.0, 0.0, 0.0, 0.0, 0.0, 0.0, 0.0, 0.0, 0.0, 0.0]
[0.0, 0.0, 0.0, 0.0, 0.0, 0.0, 0.0, 0.0, 0.0, 0.0, 0.0, 0.0, 0.0, 0.0, 0.0, 0.0, 0.0, 0.0, 0.0, 0.0, 0.0, 0.0]


=orthocos:
[0.908, 0.34218, 0.30819, 0.2808, 0.26552333333333333, 0.25448000000000004, 0.244456, 0.23473833333333333, 0.21554125, 0.201053, 0.18716833333333335, 0.163265, 0.14383600000000002, 0.11097633333333333, 0.091238, 0.0779448, 0.06108028571428571, 0.046841900000000006, 0.034401400000000006, 0.0275113, 0.02299924, 0.018516799702988675]
[0.0017076073684729636, 0.027663907322916202, 0.04963002017547842, 0.08986873918981292, 0.1271245287170168, 0.16269319252902642, 0.1954035765186418, 0.2253445497092325, 0.27609866169234737, 0.32230100004840645, 0.36044050990976395, 0.41983060219790785, 0.4638570095989853, 0.5391357286255807, 0.5928250857628882, 0.6349288799874484, 0.6993237681388855, 0.7705695887207985, 0.853782218798995, 0.9138533369302749, 0.9579665429592132, 1.0]
WARNING 19-12-23 01:46:09: No artists with labels found to put in legend.  Note that artists whose label start with an underscore are ignored when legend() is called with no argument.
[0.908, 0.3446666666666667, 0.3108526315789474, 0.29348591549295777, 0.28284126984126984, 0.2748305084745763, 0.26771378091872794, 0.2620363636363636, 0.25654376657824934, 0.2518231132075472, 0.2473312101910828, 0.24284362934362932, 0.23822477876106193, 0.23354248366013072, 0.2287678300455235, 0.22425354107648723, 0.21972509960159362, 0.21554125, 0.21192207792207793, 0.20860178970917226, 0.20516153028692877, 0.2018512145748988]
[0.0017076073684729636, 0.026778803944238462, 0.04754293752310332, 0.0667523397518089, 0.08558075183839538, 0.10367044212995097, 0.1209627575216582, 0.13808085825899616, 0.15450950937671587, 0.17061242190748452, 0.18616920595476405, 0.2011842425102368, 0.21540607028454542, 0.2286688674360048, 0.2412438912934158, 0.2534450924147386, 0.26491863741585986, 0.27609866169234737, 0.28752823413489387, 0.29886122134840115, 0.30938106031343343, 0.3196173966461793]



=ce:
[0.939, 0.6409600000000001, 0.6076800000000001, 0.56132, 0.5254966666666667, 0.49347749999999996, 0.46342600000000006, 0.4374766666666667, 0.39206500000000005, 0.354193, 0.32299833333333333, 0.27255124999999997, 0.2318845, 0.1675593333333333, 0.13117325, 0.10779320000000002, 0.07959714285714284, 0.057340499999999996, 0.0391188, 0.02966715, 0.023868559999999997, 0.018516799702988675]
[0.0017644242146052421, 0.05508071228954941, 0.10328130955644883, 0.18900985560473055, 0.2637874996280298, 0.328743881853763, 0.3845654509156011, 0.43470663668727505, 0.5177473642644472, 0.5837590034347959, 0.6385848094667308, 0.7183872476327233, 0.7648654670729302, 0.8319464462790638, 0.8709049412319436, 0.8962316923048347, 0.9283755094576627, 0.9563924981430173, 0.9793347456529736, 0.9908107076734305, 0.996712490350008, 1.0]
WARNING 19-12-23 00:42:45: No artists with labels found to put in legend.  Note that artists whose label start with an underscore are ignored when legend() is called with no argument.
[0.939, 0.6425833333333334, 0.6105578947368422, 0.5859225352112676, 0.5657248677248677, 0.5465974576271188, 0.5310318021201412, 0.5156515151515152, 0.5005358090185676, 0.48624999999999996, 0.4723609341825902, 0.45828764478764483, 0.4460053097345133, 0.43463398692810457, 0.4232352048558422, 0.4122067988668555, 0.40165869853917663, 0.39206500000000005, 0.3826505312868949, 0.37321252796420584, 0.3645876726886291, 0.35627327935222675]
[0.0017644242146052421, 0.05304607381764799, 0.09868407244537956, 0.1406856427900493, 0.18026447452232242, 0.2166518771215342, 0.2517191704604775, 0.28420662174467, 0.31465770775079727, 0.34309964880440386, 0.3697010812847875, 0.3937567424941808, 0.41749415482534097, 0.44039684705575927, 0.4613960641869344, 0.48098285822430625, 0.49935925035318357, 0.5177473642644472, 0.5349037934220396, 0.5505425339140929, 0.5658095210348256, 0.5802064704229124]

=greedy:
[0.849, 0.57894, 0.5297000000000001, 0.46221500000000004, 0.42451, 0.3993, 0.37942999999999993, 0.36834500000000003, 0.347505, 0.333833, 0.31202166666666664, 0.266365, 0.22533999999999998, 0.16181666666666666, 0.12658175, 0.10403079999999999, 0.07689114285714285, 0.0556722, 0.0381714, 0.029171, 0.02364524, 0.018516799702988675]
[0.001596937524038367, 0.050050763032748365, 0.0908888361029094, 0.15704860285168978, 0.21606110674666706, 0.26819779448595366, 0.3153161889385665, 0.3655277296685381, 0.4626882649909239, 0.558055319011677, 0.6227532697145362, 0.7039287120746449, 0.7433024939112365, 0.8004136280314997, 0.8354507203437388, 0.8589399391636252, 0.8903351736739278, 0.9225112186521292, 0.9511534021943807, 0.9707496375441551, 0.985204014390707, 1.0]
WARNING 18-12-23 15:33:29: No artists with labels found to put in legend.  Note that artists whose label start with an underscore are ignored when legend() is called with no argument.
[0.849, 0.5822083333333332, 0.535336842105263, 0.4987042253521127, 0.4682698412698413, 0.4478008474576271, 0.43050530035335693, 0.41623333333333334, 0.4041777188328912, 0.3942405660377359, 0.38343949044585984, 0.37757142857142856, 0.37193451327433624, 0.3670098039215686, 0.3604309559939302, 0.35565722379603404, 0.35123240371845954, 0.347505, 0.3444167650531287, 0.3417729306487696, 0.3389574920297556, 0.33504655870445343]
[0.001596937524038367, 0.04833610129065346, 0.0873018806920154, 0.12065100723691284, 0.15039055089151954, 0.17935060108930337, 0.20664588700968306, 0.2325574866362149, 0.25656956314027773, 0.27995991029252765, 0.30089106867311055, 0.32468324633466544, 0.34808076156757306, 0.37139976646762807, 0.3927883280307287, 0.41571318746265024, 0.43888459677039643, 0.4626882649909239, 0.4864795529257972, 0.5103598053904715, 0.5331509683432523, 0.5534365378958173]



=csq:
[0.851, 0.53042, 0.47412, 0.41864999999999997, 0.39648, 0.3682275, 0.34834799999999994, 0.338935, 0.32132750000000004, 0.30151500000000003, 0.2767225, 0.23367562499999997, 0.19715349999999998, 0.14308733333333334, 0.11288524999999999, 0.0935884, 0.07038628571428572, 0.051972, 0.036565133333333326, 0.0283683, 0.023264519999999997, 0.018516799702988675]
[0.0015684048121329397, 0.04593032846564893, 0.0815202044491889, 0.1436607519061072, 0.20357069749175571, 0.24996773339132777, 0.2928302234392613, 0.3404828643335495, 0.43043733947724105, 0.5029132290161215, 0.5510909003773704, 0.6181024267859757, 0.6519985800022259, 0.7091820218432695, 0.7462440594378859, 0.7740115428902209, 0.8172702014707028, 0.863498798970133, 0.9145359315276146, 0.9472772188782692, 0.9720421595275403, 1.0]
WARNING 18-12-23 12:53:57: No artists with labels found to put in legend.  Note that artists whose label start with an underscore are ignored when legend() is called with no argument.
[0.851, 0.5331875, 0.4786947368421053, 0.44096478873239436, 0.4218941798941799, 0.4102627118644068, 0.4013780918727915, 0.3883212121212121, 0.3744403183023873, 0.36273349056603776, 0.35345222929936304, 0.34612934362934356, 0.34158761061946896, 0.3378692810457517, 0.33298786039453715, 0.3295056657223796, 0.3256746347941567, 0.32132750000000004, 0.31697520661157025, 0.3120134228187919, 0.30718384697130713, 0.302744939271255]
[0.0015684048121329397, 0.04432543246878777, 0.07809658215858507, 0.10735315748432185, 0.13673755987535696, 0.1664953098598635, 0.19464102896931582, 0.21873142985091545, 0.24001952884718775, 0.2603466100199148, 0.28055760635156185, 0.3010879485392943, 0.3231952295734081, 0.3460722406280693, 0.367322792286519, 0.38952403639792466, 0.410638488459168, 0.43043733947724105, 0.4495860688369721, 0.46647155994875356, 0.4828829135363922, 0.4990794377918355]


=dpn:
[0.897, 0.33726, 0.29799000000000003, 0.27291999999999994, 0.25891000000000003, 0.2500325, 0.243082, 0.23407666666666666, 0.21683750000000002, 0.20251, 0.188515, 0.163576875, 0.143368, 0.11088633333333334, 0.09119025, 0.0779606, 0.06111214285714286, 0.0468949, 0.03436033333333333, 0.02742695, 0.022968319999999997, 0.018516799702988675]
[0.0016865881269332022, 0.027216535251005553, 0.047721440913621335, 0.08634978007385508, 0.12262947378237732, 0.15789649500290398, 0.1920193902362371, 0.22225706616893876, 0.27518993233714717, 0.3216771329131443, 0.3597228181527462, 0.4178373531997204, 0.4588996153888293, 0.5353164403168484, 0.5902384578995407, 0.6335300174690783, 0.6986561102978885, 0.7701792274117469, 0.8521442400068044, 0.9110522922277451, 0.9566723027229309, 1.0]
WARNING 18-12-23 12:10:39: No artists with labels found to put in legend.  Note that artists whose label start with an underscore are ignored when legend() is called with no argument.
[0.897, 0.33925, 0.3005473684210526, 0.28550704225352114, 0.27489947089947087, 0.2670932203389831, 0.26070671378091875, 0.25574545454545455, 0.25160212201591514, 0.24843632075471697, 0.24533333333333335, 0.2415965250965251, 0.23750796460176996, 0.23281372549019608, 0.22843095599393018, 0.2245184135977337, 0.22058432934926958, 0.21683750000000002, 0.21296221959858325, 0.20969686800894854, 0.20674282678002123, 0.2033744939271255]
[0.0016865881269332022, 0.02629092994588427, 0.04575014961673878, 0.0645218236647779, 0.08227183117950335, 0.09962032287265174, 0.11651428933790885, 0.13330267417093272, 0.14970936142129357, 0.1663681617412949, 0.18259421112632845, 0.19769621825695505, 0.2123044624509057, 0.22544646466581617, 0.2383724479418015, 0.2512319566219812, 0.2633437476343242, 0.27518993233714717, 0.28623064933146813, 0.29759428239963015, 0.30894697456876746, 0.3191880552603398]


=bihalf:
[0.892, 0.59886, 0.5475899999999999, 0.486915, 0.43867, 0.4118975, 0.39181399999999994, 0.37518499999999994, 0.35173875, 0.330293, 0.3081116666666666, 0.2686225, 0.22953199999999999, 0.16528366666666666, 0.129025, 0.1059564, 0.07813285714285714, 0.056379, 0.03857979999999999, 0.029397400000000004, 0.023756, 0.018516799702988675]
[0.0016475863432278857, 0.05175300959823653, 0.09389382808993105, 0.16491064710135106, 0.22190264753450173, 0.2763857122914633, 0.32738337071740536, 0.37464470040542075, 0.4726231994763948, 0.5573534859223291, 0.6206152130812407, 0.7156981726717204, 0.7614876197348349, 0.8205184845337644, 0.8542975905118511, 0.8776648492198438, 0.9074111647773534, 0.9371844860613346, 0.9640256488323211, 0.980833099603653, 0.9916818271875382, 1.0]
WARNING 18-12-23 09:50:52: No artists with labels found to put in legend.  Note that artists whose label start with an underscore are ignored when legend() is called with no argument.
[0.892, 0.6020625, 0.5514631578947368, 0.5177464788732395, 0.4938571428571429, 0.46661440677966104, 0.444, 0.4300606060606061, 0.41754907161803717, 0.4053797169811321, 0.3967494692144374, 0.3882722007722008, 0.3799699115044248, 0.3736911764705882, 0.3681047040971168, 0.36239093484419266, 0.3572576361221779, 0.35173875, 0.3466847697756789, 0.3413814317673378, 0.3365419766206163, 0.3315485829959514]
[0.0016475863432278857, 0.0499647436470259, 0.08990432930050883, 0.12526205649320035, 0.1581851438136073, 0.18655761518643704, 0.2120820372850867, 0.23866420405881944, 0.2643265775529435, 0.2881492210024735, 0.31273357317678163, 0.33574132512405047, 0.3577035881766351, 0.3806758207727689, 0.40413168666977434, 0.4271289527078625, 0.45043114478816276, 0.4726231994763948, 0.4944631166299805, 0.514646042374894, 0.5343629962308333, 0.5528498858353124]




=tbh:
[0.0, 0.0, 0.0, 0.0, 0.0, 0.0, 0.0, 0.0, 0.0, 0.0, 0.0, 0.0, 0.0, 0.0, 0.0, 0.0, 0.0, 0.019190000000000002, 0.032659999999999995, 0.029915000000000004, 0.023935999999999995, 0.018516799702988675]
[0.0, 0.0, 0.0, 0.0, 0.0, 0.0, 0.0, 0.0, 0.0, 0.0, 0.0, 0.0, 0.0, 0.0, 0.0, 0.0, 0.0, 0.31276757046580317, 0.836110520362854, 0.9997747719287873, 0.9998873889446258, 1.0]
WARNING 18-12-23 10:10:37: No artists with labels found to put in legend.  Note that artists whose label start with an underscore are ignored when legend() is called with no argument.
[0.0, 0.0, 0.0, 0.0, 0.0, 0.0, 0.0, 0.0, 0.0, 0.0, 0.0, 0.0, 0.0, 0.0, 0.0, 0.0, 0.0, 0.0, 0.0, 0.0, 0.0, 0.0]
[0.0, 0.0, 0.0, 0.0, 0.0, 0.0, 0.0, 0.0, 0.0, 0.0, 0.0, 0.0, 0.0, 0.0, 0.0, 0.0, 0.0, 0.0, 0.0, 0.0, 0.0, 0.0]






